world: a1ed37ce-016e-4e41-9196-3a44ba6546bf
world-name: lobby-githaven
x: 0.36043574201120876
y: -19.0
z: -15.249747609707384
yaw: -2.2968649864196777E-4
pitch: 10.799954414367676
name: lobby
lastowner: 2e3183ef-c877-49ba-aef1-c3e6ea4a4ec3
