world: a1ed37ce-016e-4e41-9196-3a44ba6546bf
world-name: lobby-githaven
x: 0.5
y: -18.0
z: -15.699999988079071
yaw: 0.29977017641067505
pitch: -0.14999689161777496
name: lobby
lastowner: 2e3183ef-c877-49ba-aef1-c3e6ea4a4ec3
