world: 30a17745-c581-46f1-8e59-92add4e476cd
world-name: skyblock-lobby
x: 252.14789538959107
y: 139.0
z: 1412.3121364172305
yaw: 89.24970245361328
pitch: 4.499959468841553
name: skyblock
lastowner: 2e3183ef-c877-49ba-aef1-c3e6ea4a4ec3
