world: a20d96bc-798c-4bd5-be73-fb53c864e1ba
world-name: smp-lobby
x: 0.5238405410301543
y: 30.0
z: 0.5114242335984864
yaw: -0.8999933004379272
pitch: 9.899991989135742
name: smp
lastowner: 2e3183ef-c877-49ba-aef1-c3e6ea4a4ec3
